20090101
20121231
14.1334
13.6893
13.6823
15.3075
16.6281
16.6444
14.9727
13.8497
13.5800
13.4382
12.8523
14.3520
13.6707
13.2173
13.5545
14.1939
15.3308
16.5933
17.7837
17.6139
17.7441
16.5189
15.7656
11.3295
11.0969
11.5806
11.0295
11.9735
13.5754
14.8332
14.6868
16.6839
17.8999
18.5090
18.4184
18.2254
18.0882
17.8046
18.4091
19.1996
19.1647
18.3254
19.2368
21.1921
20.6945
21.0875
20.6527
18.4533
18.6346
19.2786
17.4861
17.0931
18.3021
21.0782
22.2639
21.3851
21.1433
20.7108
16.9466
13.9311
13.5429
13.7800
13.7986
15.6772
13.7405
13.3754
13.6940
15.7353
15.5307
16.3770
17.8627
16.8815
14.2241
15.6935
17.5349
19.0554
20.2458
20.6201
20.7434
20.9178
21.4130
21.6594
19.3135
16.6677
16.5398
17.0559
18.8183
17.6511
16.4421
15.8469
16.5746
16.5142
17.4093
17.5651
18.1022
16.9094
17.0559
18.5184
18.7625
18.2138
19.9436
19.6274
20.5272
20.7875
20.7852
18.6253
19.7018
19.0810
20.1156
22.4174
21.7966
20.7666
19.8994
19.9924
19.5762
18.9950
19.7483
20.0924
19.5065
20.0738
20.9898
21.4874
20.6713
21.3107
21.3944
20.4853
20.6550
21.1781
21.5060
21.2851
22.5848
23.0614
23.2614
22.4034
22.0058
21.8152
21.7710
21.2409
21.4804
21.4200
21.6966
21.4107
20.3667
20.3365
20.5946
21.6432
21.9082
20.2900
19.5878
20.4435
21.5036
22.6568
22.3546
23.0637
22.1384
22.9823
23.4706
21.2781
21.1177
21.5850
22.6127
21.5153
21.5525
22.1407
22.2104
21.9756
21.7757
23.0916
23.6868
24.2216
24.3448
24.6866
24.4308
22.9172
23.1776
22.0756
22.3755
22.3430
21.6734
22.5801
23.4357
23.8961
23.9914
22.8731
21.4920
20.9829
22.0570
23.7938
24.0123
24.1588
24.4424
23.6078
23.1358
23.8775
24.6517
23.5311
23.7589
24.0100
24.8586
21.9035
22.8521
23.7984
23.6264
23.5729
24.1216
23.8984
23.6124
23.9588
23.5543
22.6196
22.3337
22.7894
24.0891
24.7447
25.3817
24.0356
22.4150
21.5176
23.6752
24.0309
24.6982
24.5820
23.9333
22.3616
21.5408
22.5755
23.9333
24.3053
23.9379
24.3099
24.5680
24.4983
24.4215
24.5494
24.6819
24.0518
22.8801
23.6008
24.5215
24.5912
25.1051
23.5078
23.2427
23.5148
23.7659
24.1658
24.3262
23.7403
24.1774
24.3704
24.6633
23.1474
22.9917
23.1776
23.2265
24.1844
23.1102
22.2128
22.5081
23.5752
24.2611
24.3704
24.0983
24.0007
22.7545
22.1988
23.2544
23.5961
23.9775
24.1076
22.5174
21.0131
21.0433
22.3267
23.1753
22.9103
22.1802
22.7219
22.3337
22.5778
21.2270
21.0061
22.1151
22.3918
21.7431
21.2479
20.9712
21.1875
21.6036
22.0035
21.6083
21.4781
19.8994
20.0575
21.3060
21.0782
20.8596
20.9177
20.9387
20.7341
20.3853
20.5179
20.6643
21.1805
21.4455
19.5135
16.8257
17.0583
18.4835
19.6623
20.9131
21.3665
21.4990
21.9291
21.0968
18.5881
14.9867
13.7846
13.5707
13.1453
12.3920
11.8479
13.2034
13.6521
14.3357
14.6751
15.8911
16.9676
18.0440
18.1696
18.5811
18.7044
17.6906
17.2094
15.9748
16.1282
15.5540
15.4470
15.7237
15.5819
16.2422
16.2491
17.1350
17.9720
17.8395
18.3138
18.7020
17.1977
16.9141
13.0709
12.4059
12.8314
13.7405
13.7172
14.4031
14.7658
16.7048
18.3719
17.4977
15.7190
14.2683
12.4292
13.3289
14.9379
14.6589
13.9846
14.7402
16.2980
16.7258
16.4840
14.0265
11.8130
12.0665
12.3780
14.0381
13.5801
12.7872
12.9337
14.4589
14.9123
15.9353
15.4354
15.9376
16.4630
17.9952
18.6137
14.8332
12.3013
12.3385
14.5031
14.5473
15.0006
16.4956
18.0138
18.0208
19.7762
18.5532
19.0461
17.2489
15.1843
15.2006
16.4212
17.2024
17.3675
19.8575
20.7341
21.0735
13.2824
10.6250
12.2013
11.4806
10.6947
10.7807
11.4434
11.8619
12.8314
13.9916
15.4308
17.5581
19.7064
21.2642
21.1828
21.5594
21.6315
21.1340
20.9666
21.6641
21.4316
21.8640
20.3760
14.4240
12.8221
12.2943
12.7105
14.7518
15.1796
15.5517
18.3835
20.0831
16.4259
16.1492
18.1626
19.3321
19.0345
20.0854
20.6039
20.4900
19.7738
15.3796
16.3119
15.9841
17.3349
18.1673
17.2117
19.2414
20.6225
16.8374
15.8423
16.4700
17.8511
19.5088
18.2487
16.4468
16.5212
17.4024
19.5925
20.9364
19.5204
16.6630
14.1497
14.0648
15.4796
16.9373
18.5695
20.6620
21.5246
19.0996
18.1998
18.9252
18.2370
17.2559
18.3858
19.1252
18.5881
19.2135
20.4760
21.4757
21.7803
20.8736
21.0177
22.3592
21.1689
21.8942
22.1872
18.6671
19.7181
20.5178
21.5385
21.9082
20.1365
22.0942
23.0335
23.0405
21.0201
20.4876
23.0568
23.0149
21.0363
21.3363
21.7129
22.3011
23.1404
22.6545
22.2918
21.1224
21.4409
20.0831
18.5044
20.3993
21.4664
21.7175
21.8617
22.4383
21.0201
21.6897
20.9084
20.1528
20.9015
21.5734
22.5267
22.2523
22.3476
23.4938
23.7659
24.0030
23.3125
22.4523
22.4406
22.9916
21.8199
21.7803
20.9061
21.0201
21.2967
21.6153
22.7708
24.0077
24.2774
24.5541
24.8679
25.1446
24.7400
24.8493
24.9261
24.4448
24.4425
24.5052
24.6587
24.4169
23.7542
23.3241
23.0777
21.9338
22.2941
23.8635
24.3634
22.4546
21.4339
21.7315
22.7220
23.0009
23.4962
22.6429
21.6362
22.7173
23.5892
24.1658
24.2146
23.3218
23.7659
23.8775
24.1146
21.8896
23.2381
23.6659
24.2913
24.0588
23.2892
22.8754
23.6752
24.1170
22.8149
23.2916
22.2407
23.2125
21.7780
22.1732
22.9777
23.5334
23.4381
21.8268
22.6359
22.6987
21.7036
22.7917
23.4171
23.7775
23.9519
24.1100
24.3355
21.8454
20.7387
22.4197
23.6287
23.8705
23.6659
23.6473
22.8056
22.2965
20.9573
21.5967
22.2988
22.7824
23.3218
23.6124
23.2497
24.3262
24.4959
20.7387
20.7201
21.7106
21.6687
21.8361
22.6569
23.0289
22.8986
22.2569
21.6897
21.9849
22.5313
22.1035
20.8178
20.0319
20.0319
20.7992
20.9828
19.9854
19.3763
20.9852
22.1430
22.9079
22.8917
20.9968
20.2621
21.2688
21.6734
21.9268
21.1549
20.5388
20.5272
20.4458
20.5272
21.0596
19.1229
17.4372
16.6886
17.3535
17.2512
17.5349
17.6813
18.2184
18.5602
18.4021
18.3091
18.4905
19.4623
19.7785
19.6576
18.3603
18.5323
19.1112
19.0833
19.4902
20.0180
18.3463
17.1489
17.7860
18.5742
17.9766
18.9996
19.3530
18.6718
18.4068
18.5718
16.9048
18.2068
18.6648
18.6462
18.5021
18.6276
18.2394
18.3742
17.7790
18.4951
19.6692
17.1396
15.6051
15.5377
16.1654
15.0913
15.6005
17.1652
16.5933
14.4194
10.6784
11.1830
12.7709
15.9864
17.2187
18.0650
17.2559
16.6235
16.8536
13.7637
12.5082
13.0267
14.3938
15.5517
16.2096
15.1634
14.1636
13.0267
11.3527
10.7552
11.3899
11.7991
11.2481
12.1850
12.9779
11.8665
10.6412
10.6366
12.5431
14.2938
13.8544
12.3966
12.2153
13.3290
14.1311
13.2476
12.6384
11.2644
12.9988
12.0153
12.0316
13.2197
14.2403
14.4008
12.7570
12.2269
13.2011
14.0962
14.4984
16.2259
17.3279
17.3303
17.3489
18.0743
18.2347
18.2324
18.9810
15.5865
13.0151
12.4013
12.4571
11.2946
11.3178
12.8686
12.9058
12.4850
14.2380
15.1238
15.0215
16.3933
18.3184
19.3530
18.8253
18.9671
19.2995
18.6695
15.5981
16.8281
14.8355
16.7281
17.8255
16.4770
13.9544
13.8172
14.5844
14.6937
15.2006
17.6139
19.4274
16.8932
13.6405
14.4449
13.2522
14.6193
16.9955
19.4553
16.4607
14.9355
14.6821
15.5423
15.9794
14.1288
16.4561
17.6070
17.2303
17.8766
19.2298
20.1691
20.1412
16.0515
16.6304
17.9976
19.4297
20.2621
20.6527
21.0945
21.6013
20.4830
20.9224
21.5548
21.3014
21.7896
21.7687
20.5876
21.0596
20.3551
20.2528
20.2575
20.1830
20.3877
21.6641
21.6152
22.9614
22.7731
19.7459
20.8945
21.8129
22.1570
20.4225
17.8627
18.0905
19.6064
21.2874
21.2874
23.2032
24.1472
24.7540
24.3773
21.4013
20.6434
21.4455
22.5755
22.1593
22.4801
22.5708
24.0332
23.9007
22.4639
20.7085
20.3365
20.3853
20.9666
21.9989
22.3127
22.7917
22.8917
22.5499
23.0614
23.0777
23.3939
23.5264
23.1381
23.8589
22.9684
22.7545
23.8054
23.9751
22.7034
21.3897
22.2011
23.6078
22.9335
23.6148
23.5380
23.1242
23.1753
23.6450
24.4076
22.5290
21.6548
22.5499
23.6752
22.4523
23.0986
22.4267
21.2293
21.4246
22.9498
23.3985
24.1844
24.3448
24.4750
24.3494
24.3611
24.7679
23.2567
22.8126
23.4497
22.4546
22.4244
23.1986
22.6987
22.2244
22.2035
22.7568
21.6920
22.5848
23.5032
23.7635
24.0495
24.5471
24.8726
24.5843
24.2634
24.6889
22.8149
21.8315
21.7315
23.0475
24.2053
24.3029
24.0054
24.1100
24.4331
24.7586
24.4401
22.5732
21.6641
21.9663
23.1474
24.2983
24.3169
24.2844
24.3378
22.8963
22.4732
22.8824
23.4241
23.7798
24.4494
24.8377
23.0893
22.9475
23.5589
23.9984
23.8147
24.5843
24.4866
24.1797
22.1593
22.1361
21.5781
23.1358
23.3148
23.3892
23.6985
23.7961
23.3474
23.4776
22.1709
22.8033
23.3567
23.1800
23.5985
23.7635
23.8565
23.3613
22.8754
21.2386
20.9805
20.9387
21.5106
20.9201
20.7155
21.1991
22.9986
23.6148
22.5081
21.3548
21.6315
21.5362
19.6785
17.5511
18.8811
18.9694
19.2321
20.6295
21.6431
22.1244
20.9480
20.3970
20.8317
19.9877
20.4876
20.8689
20.6294
20.3946
20.0970
19.9064
20.3481
20.5992
21.2479
21.2409
19.8320
18.7857
19.7459
20.3504
19.7576
19.3809
19.2019
20.1226
20.4830
21.0177
21.5664
21.5897
22.0919
22.0175
19.2577
16.5119
17.4233
17.5325
18.2951
18.9020
19.3042
19.8134
20.2295
20.3226
19.8203
20.5388
19.6785
17.9743
18.5393
19.6227
18.2765
18.0092
18.1533
18.7253
18.9880
19.0229
19.7250
16.0841
14.0055
13.9614
15.0750
16.6212
18.2626
18.2487
15.7237
14.2055
13.7498
13.0127
14.3845
14.9634
16.2050
16.7397
15.5191
14.9402
15.2215
14.8216
15.9632
17.4256
16.3538
14.1520
13.7405
13.3615
13.8521
15.1634
16.6607
17.3558
15.4098
15.2541
15.5470
15.2355
15.2796
12.0153
10.4599
11.3690
12.2781
12.8988
13.9311
14.4217
15.3075
13.8986
13.9637
14.9355
14.5310
14.0264
14.4217
16.6212
16.2143
13.9474
13.3708
11.8293
10.7389
10.5901
10.5738
10.2809
11.3550
13.1592
13.3592
13.9125
14.0171
15.1820
14.5705
13.1895
13.4103
15.0192
17.1396
15.5470
13.3220
11.8828
12.2246
11.4410
12.9151
16.6607
19.3949
19.8390
15.7377
14.1962
13.8497
14.5147
14.1032
16.5142
17.3396
18.6997
18.6764
14.6728
12.7454
11.2830
11.7479
12.7128
14.1009
15.5981
15.3703
15.9841
18.3184
19.2135
16.4654
14.4147
13.4196
12.7895
12.5012
13.6358
14.0497
14.2636
15.6632
17.1280
19.2763
20.5876
21.0689
20.0714
19.7436
18.7462
16.9304
15.7353
17.3279
17.5047
18.4998
19.6692
20.0226
20.3249
19.5460
19.1903
19.7599
21.4525
20.3388
18.8229
17.8023
17.0350
16.8955
18.0440
20.6550
21.4990
21.7780
21.3758
21.3851
22.2895
21.1363
19.2786
18.9345
19.2391
18.9113
19.9459
20.7387
21.0154
22.9940
22.6359
19.9227
18.6858
19.2414
21.7269
23.4473
23.6729
23.5520
22.2337
22.4615
21.6804
21.7873
22.2058
23.7403
24.0960
24.0472
21.9989
22.4197
22.0058
22.8754
22.5453
22.5127
22.5267
21.4432
21.7501
22.6406
20.8038
21.5920
21.4920
22.6545
22.6778
22.6197
21.3548
21.7013
21.2595
21.6803
21.7757
21.7129
22.0175
21.9547
22.7684
23.4055
23.4125
23.6589
23.0474
24.0356
23.6729
22.6964
22.2709
22.6615
22.5104
23.0986
21.8454
21.4827
22.6313
23.6799
23.5287
21.8315
21.3804
21.6897
21.9407
22.8405
22.8382
22.6034
23.5311
24.2541
21.8687
22.1337
22.1081
23.1056
23.4101
22.9777
22.3662
22.8382
22.9591
23.9682
24.0681
24.2890
24.1797
24.0728
24.4657
24.8772
23.7287
22.9335
23.4706
24.4866
23.9077
24.2332
24.0983
22.9521
21.7548
21.3967
20.7945
21.0061
21.6571
22.8312
23.7635
24.0286
24.2797
24.5796
24.2565
23.8356
22.5499
21.6548
21.6059
24.4843
23.4194
22.7615
22.6638
22.7592
22.8359
23.3544
23.8914
23.3544
22.1244
22.5987
23.7821
24.0658
23.4706
21.7919
22.4057
23.2637
23.6240
23.9356
24.0007
23.9123
24.0635
23.9379
22.8498
22.0477
22.2337
23.1288
22.0896
21.6129
22.2825
20.7783
22.5639
23.7519
23.6078
23.3451
23.6031
22.9940
19.9691
20.8317
21.6455
21.4595
21.5943
21.5711
21.3084
21.5804
22.7057
23.4078
23.2241
21.4990
22.2988
23.0870
22.5313
21.9222
21.1735
20.6992
20.9503
21.0015
21.4478
21.5432
21.7036
21.9803
22.0175
22.0965
21.8175
21.2781
20.9735
21.0968
21.6478
22.0152
21.9989
21.2688
20.3877
20.2574
21.0921
21.0596
20.9550
21.2293
20.9759
20.9642
21.3339
19.7460
20.8457
20.5620
18.9345
18.2370
17.9092
17.8092
19.3577
19.5414
18.6625
19.4088
18.7067
19.1438
21.1549
22.0500
17.4093
17.2326
18.7625
19.6088
19.9017
19.6460
16.3305
16.7793
18.8322
18.5532
18.3324
20.6597
18.8671
15.4075
16.2538
15.5377
13.4568
14.5263
16.0608
16.1282
15.6912
15.4865
14.7960
14.6263
14.6077
15.4726
17.1675
17.3233
16.8699
16.7444
15.5075
14.9611
16.4747
18.5486
19.7087
20.0668
18.8090
15.2006
12.9895
14.2148
15.8632
13.8126
12.6756
12.0316
14.1194
16.3607
14.2892
15.5168
15.9515
11.6015
11.6038