20090101
20121231
22.30
22.30
22.30
22.30
22.15
21.88
21.65
21.48
21.40
21.48
21.68
21.96
22.33
22.77
23.22
23.68
24.08
24.42
24.65
24.70
24.68
24.57
24.50
24.51
24.69
25.03
25.40
25.69
25.78
25.55
25.00
24.25
23.40
22.60
21.96
21.58
21.51
21.69
22.03
22.47
22.95
23.40
23.83
24.18
24.46
24.64
24.70
24.67
24.55
24.39
24.18
23.95
23.74
23.56
23.45
23.43
23.60
24.06
24.90
26.13
27.57
29.05
30.39
31.44
32.15
32.53
32.60
32.55
32.28
31.91
31.49
31.07
30.72
30.48
30.40
30.40
30.48
30.64
30.80
30.97
31.17
31.37
31.59
31.83
32.10
32.38
32.68
32.98
33.29
33.62
33.95
34.30
34.67
35.07
35.50
35.93
36.32
36.60
36.70
36.64
36.36
35.98
35.58
35.26
35.10
35.13
35.29
35.55
35.85
36.13
36.39
36.59
36.75
36.82
36.88
36.76
36.47
35.89
34.94
33.54
31.75
29.81
27.93
26.36
25.31
24.81
24.70
24.71
24.78
24.60
24.25
23.91
23.82
24.17
25.18
26.79
28.78
30.86
32.75
34.16
35.04
35.50
35.68
35.70
35.71
35.80
35.80
35.80
35.69
35.41
34.98
34.48
33.99
33.58
33.33
33.33
33.59
34.08
37.01
38.53
38.42
35.94
34.63
37.90
37.70
36.91
37.10
35.14
33.03
31.09
29.55
28.12
26.86
26.89
26.48
29.66
33.10
32.15
34.17
33.70
32.73
32.02
31.19
32.73
36.57
41.92
39.63
36.74
35.48
34.21
33.06
32.92
35.84
34.23
33.12
32.36
31.88
31.05
31.87
40.89
36.90
35.02
34.93
34.58
33.42
33.89
35.13
33.96
33.37
34.33
35.40
38.98
35.74
34.50
33.51
33.02
37.85
46.18
38.45
36.78
35.68
34.60
33.33
38.39
41.60
37.86
35.95
34.96
34.00
33.02
31.65
30.26
28.95
27.50
26.12
25.60
28.10
26.03
24.78
23.55
22.34
24.22
30.38
32.93
30.27
28.44
27.09
26.37
25.93
25.19
24.56
31.06
37.69
35.76
34.24
32.65
31.23
37.54
37.80
37.97
37.74
36.85
34.21
33.69
32.80
31.80
30.70
29.54
28.24
26.77
25.84
26.08
26.43
25.93
24.73
23.37
22.27
20.97
19.98
19.10
18.30
17.70
17.03
16.24
15.82
27.03
26.50
21.76
18.88
16.95
16.27
15.86
20.83
29.21
25.73
22.45
20.16
18.28
16.67
15.99
16.13
16.37
16.61
16.85
19.37
19.45
19.56
19.74
19.96
20.24
20.61
21.11
21.74
22.53
24.20
29.24
29.91
27.99
32.34
29.80
26.86
28.40
27.78
27.24
26.28
25.63
24.47
22.72
19.73
18.30
18.07
17.98
17.55
16.79
15.90
15.39
15.02
15.00
15.00
20.84
20.85
31.84
31.07
29.60
28.29
27.07
26.01
25.17
29.97
33.28
31.65
30.46
29.11
27.88
26.72
25.75
24.98
24.25
23.68
23.41
29.68
31.22
33.50
35.14
33.38
33.64
36.48
35.64
34.18
34.70
37.14
36.16
36.08
35.03
35.15
35.33
35.26
34.97
34.55
34.06
33.55
33.12
32.82
32.70
32.88
33.30
33.87
34.51
35.12
35.62
36.01
35.88
39.01
37.90
37.08
36.38
35.66
35.27
35.39
38.62
38.23
38.78
38.67
37.64
36.76
36.13
35.41
33.89
35.18
36.41
36.20
35.35
35.54
35.37
37.47
36.12
35.63
35.68
35.53
35.28
35.30
35.09
33.10
33.28
31.21
30.58
29.70
28.75
27.89
27.22
26.78
26.60
26.64
26.98
27.53
28.17
28.75
29.12
29.16
28.84
28.29
27.62
26.97
26.45
26.10
25.94
25.93
26.08
26.34
26.70
27.14
27.65
28.21
28.80
29.40
30.00
30.57
31.10
31.58
31.97
32.30
32.59
32.85
33.13
33.45
33.81
34.20
34.58
34.93
35.22
35.43
35.50
35.39
35.04
34.44
33.61
32.71
31.88
31.27
31.01
31.10
31.36
31.64
31.74
31.50
30.95
30.29
29.77
29.61
30.00
30.95
32.18
33.39
34.33
34.70
34.50
33.93
33.26
32.77
32.66
32.99
33.55
34.11
34.46
34.41
33.91
33.14
32.28
32.68
32.97
32.21
31.50
31.43
33.03
37.25
36.71
37.61
39.78
37.32
36.09
35.10
34.22
33.54
35.00
38.27
38.78
36.89
36.24
37.50
37.45
37.08
36.75
36.05
35.46
34.92
34.60
36.28
36.82
36.57
38.11
38.59
40.32
40.71
42.11
40.99
40.43
39.49
38.74
37.86
36.46
35.25
34.15
35.04
34.63
33.90
33.13
32.23
31.55
30.91
30.63
33.84
35.10
32.65
29.18
28.23
27.43
27.81
29.84
30.20
29.94
28.92
28.25
28.61
30.57
29.48
28.62
28.44
32.79
33.17
33.44
32.86
32.66
33.42
33.96
34.04
33.81
33.12
32.11
32.59
32.11
31.24
31.59
32.46
32.59
32.43
34.48
34.68
33.82
33.42
33.47
33.24
33.74
34.37
34.97
34.57
33.66
32.59
31.60
31.17
29.98
33.07
38.10
36.62
33.06
27.03
27.46
27.07
26.71
26.47
27.45
25.83
24.85
24.45
23.13
23.15
22.90
22.78
22.22
33.80
28.85
28.10
27.65
26.85
25.90
27.15
28.32
30.38
29.58
28.73
28.17
27.97
29.73
28.61
26.23
22.47
23.85
26.52
30.59
31.17
32.49
33.39
32.74
32.55
32.35
30.56
30.56
30.65
30.98
30.11
29.25
27.37
26.06
25.44
29.27
30.10
29.31
28.65
27.99
27.38
26.16
24.05
24.19
24.16
22.72
21.83
18.61
19.93
21.77
26.46
24.76
22.61
17.58
14.09
13.52
22.36
25.34
21.28
16.39
20.45
14.34
13.15
19.76
20.54
21.75
25.66
22.41
17.75
15.80
15.80
15.80
15.80
15.80
15.80
15.80
15.80
15.80
15.80
15.80
15.80
15.80
15.80
15.80
15.80
15.80
15.80
15.80
15.80
15.80
15.80
15.80
15.80
14.55
14.26
18.37
24.38
23.87
19.91
15.81
12.61
16.25
19.25
18.09
18.97
27.16
27.65
27.48
28.68
27.27
24.05
24.97
25.25
26.62
23.88
18.73
13.65
22.67
22.18
18.78
15.00
14.41
17.66
19.51
13.67
15.63
16.65
14.35
14.20
14.20
15.76
16.23
14.47
12.50
12.74
12.98
13.22
13.46
13.70
13.94
14.18
16.57
21.94
21.16
23.95
32.36
33.71
34.87
34.88
33.60
32.64
34.64
31.88
27.02
23.79
19.29
20.78
25.20
24.42
23.78
23.26
22.88
22.63
22.50
22.50
22.56
22.78
23.15
23.72
24.53
25.60
26.88
28.22
29.42
30.33
30.76
30.77
30.53
30.25
30.11
30.36
30.95
31.68
32.32
32.65
32.42
31.65
30.55
29.31
28.19
27.38
26.94
26.49
26.33
26.10
25.86
25.68
25.48
25.10
24.79
24.41
23.90
23.36
23.02
22.75
22.35
21.90
21.54
24.37
30.83
30.01
28.99
28.19
27.58
27.51
26.76
25.49
24.11
22.95
22.00
24.16
29.29
28.31
28.36
31.59
32.74
32.53
32.25
35.18
35.87
34.43
34.05
34.23
34.40
34.46
33.96
33.69
33.83
33.40
32.81
32.17
31.39
30.89
32.41
33.24
32.35
31.71
31.20
30.56
29.81
28.83
28.05
27.23
26.34
25.69
25.18
24.62
25.19
26.39
27.21
28.29
28.08
29.42
31.64
31.05
30.11
29.65
29.17
28.96
28.61
28.51
28.40
28.04
27.52
27.16
29.72
30.72
29.46
30.66
29.94
30.62
31.48
33.02
30.72
29.90
29.35
28.80
28.19
27.55
26.84
26.19
25.59
25.18
24.80
24.85
29.51
29.31
30.49
30.36
30.63
30.03
30.00
29.17
28.67
28.16
27.54
26.84
26.08
25.33
24.50
23.33
22.59
24.71
28.22
27.95
27.09
26.31
25.43
24.43
23.56
22.72
21.90
21.44
28.33
27.54
26.85
26.12
25.25
24.16
23.18
22.54
22.69
23.17
22.72
22.13
21.39
20.35
19.66
19.73
19.17
18.14
17.01
17.72
17.57
16.53
16.04
16.44
18.57
19.18
19.01
19.33
18.78
18.30
17.83
17.35
16.87
16.52
17.68
20.85
20.31
19.90
19.54
19.21
18.94
18.72
18.52
18.31
18.10
17.91
17.74
17.57
17.44
17.28
18.91
23.27
23.43
22.63
22.27
22.89
22.36
22.30
23.40
22.54
22.02
21.61
22.13
25.35
24.68
24.54
23.50
22.87
22.34
21.81
21.20
20.80
20.22
19.68
19.23
18.91
18.62
18.39
18.53
18.96
19.19
18.84
18.50
18.10
17.65
17.45
17.98
17.59
17.10
16.85
18.80
24.71
23.23
22.65
22.18
21.72
21.30
20.80
20.39
20.05
20.09
19.97
19.56
19.30
19.11
18.62
18.05
17.78
17.53
17.05
16.49
16.18
15.80
15.50
15.26
15.06
14.95
14.91
14.86
14.81
14.76
14.71
14.67
14.62
14.57
14.52
14.47
14.70
15.18
15.66
16.14
16.62
17.10
17.58
18.06
18.54
19.02
19.50
19.98
20.46
20.94
21.42
21.90
22.38
22.59
22.54
22.49
22.44
22.39
22.35
22.30
22.25
22.20
22.15
22.11
22.06
22.01
21.96
20.23
20.34
19.60
19.25
19.08
20.06
21.01
22.34
22.37
21.46
21.22
20.91
21.03
20.88
20.68
20.47
20.25
20.00
19.83
19.75
19.61
19.49
19.40
19.30
19.15
19.03
18.93
19.12
19.12
18.88
18.48
18.22
18.08
17.88
17.60
17.24
16.98
16.73
16.60
16.64
17.68
19.71
20.21
20.74
23.05
22.20
21.88
21.46
21.10
21.06
21.38
22.66
22.02
22.81
22.54
21.97
21.94
22.18
21.82
21.63
21.78
21.77
21.55
21.26
20.88
20.63
20.48
20.31
20.22
20.09
19.70
19.28
18.82
18.42
18.16
17.97
17.61
17.08
16.73
16.38
16.22
20.52
23.08
22.44
25.24
23.17
22.20
21.70
21.32
21.90
22.31
21.78
21.46
21.48
22.27
23.69
24.33
22.84
22.20
21.87
21.61
22.00
22.67
23.72
23.15
22.50
22.06
21.70
21.38
21.32
21.20
22.66
23.07
22.48
21.96
21.48
21.03
21.72
22.55
22.94
22.52
22.09
21.71
21.42
22.45
22.61
22.45
23.83
22.62
22.16
21.82
21.50
21.32
23.40
23.24
23.34
22.52
22.33
22.41
22.25
21.98
21.65
21.28
21.06
20.70
20.35
19.92
19.28
18.99
22.78
22.17
21.75
21.78
23.14
24.10
22.60
21.86
21.46
21.21
23.31
23.75
23.62
22.67
23.01
23.18
22.47
21.88
23.33
22.77
22.98
22.48
21.83
21.48
22.11
22.35
22.74
22.28
21.64
21.19
20.79
20.38
19.93
19.29
18.66
19.38
20.88
20.47
19.96
19.42
18.77
18.07
22.27
24.22
26.43
23.25
23.08
22.79
21.92
21.32
20.78
20.13
19.46
18.75
18.20
18.03
18.16
17.58
18.52
20.93
21.13
20.20
19.65
19.36
19.12
19.61
21.75
22.39
21.02
20.29
19.72
21.26
21.47
20.27
19.95
20.11
19.51
18.89
18.29
17.62
20.32
22.43
23.09
22.71
22.52
23.07
22.49
22.54
22.07
21.31
20.66
20.23
19.78
19.30
18.22
17.95
17.47
16.63
15.71
15.05
14.61
14.18
14.29
14.05
14.65
18.95
18.43
17.69
16.83
15.78
14.45
12.99
16.08
13.06
11.71
11.06
10.37
9.28
8.15
13.90
13.90
13.90
13.90
13.90
13.90
13.90
13.90
13.90
13.90
13.90
13.90
13.90
13.90
13.90
13.90
13.90
13.90
13.90
13.90
13.90
16.49
8.33
6.89
6.67
7.35
8.32
14.93
14.58
14.13
14.14
14.21
14.17
12.95
12.21
12.25
12.33
12.07
12.83
13.86
11.88
11.90
11.90
12.44
12.44
12.37
12.59
10.12
16.73
20.45
19.54
15.51
17.80
15.93
16.57
16.31
13.99
17.03
14.15
13.74
12.48
11.60
11.60
11.60
11.60
11.56
11.65
12.13
11.87
10.72
14.13
18.98
17.30
11.48
14.32
18.75
19.82
16.83
9.81
12.00
11.78
13.26
21.01
21.60
